00002
00005
00007
00010
00015
00016
00021
00022
00026
00029
00033
00036
00037
00038
00042
00049
00050
00053
00055
00056
00062
00066
00067
00070
00078
00079
00081
00083
00086
00094
00097
00102
00103
00114
00115
00118
00120
00122
00131
00147
00148
00153
00156
00159
00160
00161
00162
00177
00178
00180
00182
00183
00192
00194
00196
00200
00203
00205
00207
00214
00215
00217
00219
00226
00227
00229
00231
00239
00242
00245
00251
00253
00263
00270
00277
00282
00283
00285
00286
00299
00306
00308
00309
00310
00311
00315
00320
00321
00322
00327
00328
00330
00331
00345
00346
00347
00355
00359
00363
00366
00368
00380
00381
00385
00391
00392
00395
00396
00398
00403
00414
00416
00421
00423
00428
00434
00441
00442
00445
00451
00453
00457
00459
00463
00465
00469
00479
00482
00483
00486
00496
00497
00501
00503
00508
00509
00512
00517
00520
00532
00533
00534
00535
00539
00540
00544
00552
00553
00558
00561
00563
00569
00575
00576
00578
00579
00583
00585
00587
00588
00595
00600
00603
00607
00609
00613
00615
00617
00633
00641
00644
00649
00651
00652
00662
00663
00672
00694
00696
00699
00701
00708
00711
00714
00727
00731
00737
00741
00746
00751
00767
00779
00782
00783
00784
00785
00789
00790
00799
00803
00805
00806
00811
00814
00820
00826
00830
00836
00838
00843
00845
00846
00847
00865
00869
00871
00877
00883
00891
00892
00896
00900
00904
00905
00908
00909
00912
00914
00916
00918
00919
00921
00922
00923
00926
00927
00943
00951
00953
00954
00959
00964
00968
00971
00973
00978
00981
00997
00998
01000
01003
01010
01011
01012
01014
01016
01017
01018
01021
01023
01029
01037
01038
01041
01042
01043
01044
01049
01062
01065
01068
01069
01072
01075
01077
01078
01079
01080
01081
01090
01091
01095
01109
01113
01115
01117
01118
01119
01137
01138
01143
01145
01146
01147
01148
01150
01154
01156
01163
01165
01166
01167
01174
01176
01178
01179
01185
01186
01192
01198
01209
01212
01214
01215
01216
01227
01228
01231
01232
01233
01239
01240
01241
01242
01245
01247
01255
01257
01260
01261
01264
01280
01283
01285
01289
01296
01300
01303
01304
01311
01312
01313
01317
01324
01325
01333
01344
01347
01351
01354
01357
01362
01364
01368
01369
01371
01378
01381
01392
01396
01397
01398
01399
01410
01411
01412
01417
01419
01421
01427
01432
01437
01438
01441
01444
01455
01458
01460
01464
01465
01473
01477
01482
01483
01485
01489
01490
01494
01500
01502
01505
01507
01511
01517
01521
01524
01526
01527
01529
01530
01532
01535
01538
01540
01542
01547
01554
01555
01557
01562
01565
01568
01572
01581
01585
01589
01591
01593
01595
01601
01602
01604
01611
01612
01613
01614
01631
01637
01640
01641
01645
01646
01650
01653
01655
01656
01658
01664
01669
01674
01676
01679
01682
01689
01690
01692
01694
01699
01700
01702
01703
01704
01708
01710
01711
01718
01719
01721
01732
01736
01738
01741
01746
01748
01753
01754
01757
01758
01759
01768
01769
01773
01775
01777
01782
01787
01791
01794
01795
01798
01799
01804
01805
01807
01808
01809
01810
01811
01813
01826
01842
01844
01850
01852
01860
01865
01869
01883
01886
01895
01902
01903
01904
01909
01911
01919
01922
01923
01926
01927
01936
01939
01941
01945
01947
01953
01956
01960
01964
01965
01966
01967
01978
01981
01983
01990
01993
01997
02002
02011
02014
02017
02020
02035
02040
02041
02049
02056
02060
02064
02065
02068
02069
02070
02073
02075
02080
02081
02083
02088
02093
02100
02105
02106
02117
02120
02122
02123
02129
02132
02139
02144
02150
02156
02158
02166
02172
02175
02180
02197
02200
02204
02205
02209
02213
02218
02224
02228
02229
02231
02254
02264
02269
02271
02278
02292
02293
02298
02302
02304
02306
02308
02309
02311
02313
02316
02319
02321
02322
02324
02325
02326
02327
02328
02332
02333
02334
02339
02343
02345
02351
02353
02376
02379
02380
02383
02384
02387
02395
02396
02397
02405
02407
02413
02417
02419
02420
02427
02428
02434
02436
02438
02447
02449
02452
02453
02458
02460
02466
02472
02473
02474
02475
02482
02485
02491
02492
02497
02503
02505
02506
02507
02510
02512
02517
02522
02527
02528
02539
02547
02554
02557
02565
02568
02571
02572
02573
02574
02575
02580
02581
02582
02584
02589
02590
02596
02600
02603
02606
02608
02610
02613
02614
02616
02622
02627
02641
02642
02644
02649
02657
02658
02660
02664
02666
02669
02674
02676
02678
02683
02703
02709
02721
02724
02727
02732
02736
02741
02746
02748
02755
02759
02764
02767
02768
02770
02777
02779
02790
02793
02794
02796
02797
02806
02811
02820
02822
02825
02830
02833
02836
02839
02847
02858
02875
02879
02885
02886
02888
02894
02895
02897
02901
02904
02908
02912
02923
02926
02927
02932
02936
02937
02945
02946
02947
02948
02953
02959
02960
02961
02965
02967
02976
02981
02986
02987
02990
02992
02994
02999
03000
03001
03006
03009
03012
03013
03014
03018
03020
03022
03023
03030
03033
03036
03045
03053
03055
03061
03063
03066
03067
03069
03070
03076
03095
03101
03103
03108
03109
03114
03116
03127
03143
03144
03145
03146
03150
03151
03153
03156
03157
03160
03161
03164
03165
03169
03173
03177
03178
03179
03180
03182
03192
03194
03196
03201
03202
03205
03214
03219
03223
03228
03232
03236
03243
03246
03249
03252
03257
03262
03264
03271
03272
03273
03286
03294
03296
03298
03302
03305
03307
03317
03318
03330
03332
03333
03342
03343
03356
03361
03362
03363
03370
03372
03378
03382
03385
03386
03389
03397
03398
03401
03403
03406
03408
03410
03411
03418
03420
03421
03422
03425
03432
03434
03438
03443
03444
03448
03450
03454
03457
03469
03471
03472
03475
03480
03487
03490
03495
03498
03503
03518
03527
03533
03534
03535
03545
03547
03551
03552
03553
03554
03555
03557
03558
03560
03562
03563
03567
03570
03572
03576
03577
03585
03590
03594
03598
03602
03604
03609
03610
03617
03620
03621
03623
03627
03630
03632
03640
03642
03646
03656
03662
03667
03670
03678
03682
03684
03690
03695
03696
03698
03710
03713
03722
03730
03735
03737
03741
03742
03745
03749
03755
03758
03774
03775
03778
03780
03786
03788
03790
03793
03797
03798
03800
03807
03808
03809
03811
03813
03816
03817
03822
03825
03827
03828
03837
03841
03845
03847
03853
03858
03859
03860
03862
03865
03867
03868
03869
03880
03883
03884
03890
03894
03896
03898
03902
03907
03908
03912
03915
03917
03921
03925
03936
03945
03952
03956
03959
03963
03964
03968
03969
03971
03976
03979
03980
03985
03991
03995
04003
04008
04015
04017
04019
04020
04023
04027
04030
04031
04032
04036
04037
04039
04049
04055
04063
04065
04066
04070
04078
04085
04086
04089
04090
04096
04104
04106
04113
04114
04116
04121
04127
04128
04132
04135
04138
04139
04145
04147
04148
04151
04155
04162
04170
04174
04175
04176
04180
04183
04184
04194
04195
04197
04201
04202
04209
04214
04217
04218
04219
04224
04227
04231
04235
04239
04242
04243
04248
04249
04253
04256
04262
04265
04268
04270
04273
04294
04297
04298
04308
04310
04312
04314
04315
04322
04324
04325
04331
04341
04344
04354
04355
04357
04362
04365
04369
04377
04382
04383
04389
04390
04392
04393
04394
04396
04402
04404
04408
04410
04413
04416
04421
04424
04428
04434
04437
04438
04443
04447
04458
04465
04468
04469
04471
04473
04475
04476
04477
04486
04490
04494
04497
04511
04512
04515
04518
04521
04524
04528
04547
04555
04558
04561
04563
04568
04578
04581
04583
04586
04588
04596
04600
04603
04607
04611
04612
04622
04623
04628
04629
04631
04635
04636
04637
04638
04642
04644
04646
04650
04651
04653
04656
04660
04665
04671
04672
04681
04682
04683
04684
04685
04692
04694
04699
04702
04703
04708
04713
04721
04728
04731
04735
04738
04748
04754
04762
04764
04774
04775
04778
04791
04796
04800
04802
04804
04813
04814
04815
04818
04827
04829
04831
04833
04835
04839
04845
04855
04872
04874
04887
04888
04897
04903
04909
04910
04914
04915
04920
04921
04923
04926
04936
04937
04940
04941
04943
04946
04947
04950
04952
04955
04962
04968
04971
04974
04976
04980
04983
04984
04989
04990
04991
04992
05002
05005
05010
05011
05018
05022
05028
05032
05036
05039
05043
05044
05048
05049
05051
05054
05074
05077
05079
05080
05083
05084
05085
05088
05094
05101
05103
05110
05114
05124
05131
05138
05141
05147
05151
05153
05164
05165
05168
05170
05174
05176
05182
05184
05188
05190
05197
05199
05205
05208
05209
05210
05224
05231
05232
05234
05237
05238
05243
05245
05251
05259
05261
05265
05276
05281
05282
05290
05291
05293
05304
05306
05316
05317
05323
05326
05328
05332
05340
05350
05358
05359
05373
05374
05381
05382
05387
05395
05398
05413
05416
05417
05418
05423
05433
05437
05440
05447
05448
05452
05457
05460
05461
05465
05472
05473
05476
05477
05491
05492
05493
05494
05499
05500
05504
05507
05511
05513
05515
05516
05520
05521
05533
05534
05535
05536
05537
05539
05544
05545
05549
05551
05555
05563
05565
05571
05573
05577
05578
05584
05586
05590
05593
05599
05603
05609
05610
05612
05614
05615
05620
05622
05628
05633
05641
05654
05655
05656
05662
05672
05673
05676
05679
05689
05690
05695
05698
05705
05716
05721
05724
05731
05733
05734
05738
05741
05748
05749
05750
05753
05757
05758
05759
05769
05772
05773
05775
05776
05781
05784
05790
05792
05794
05799
05811
05816
05820
05823
05827
05834
05837
05844
05845
05846
05847
05848
05861
05864
05874
05877
05886
05891
05894
05896
05900
05902
05910
05924
05925
05926
05928
05934
05935
05938
05941
05943
05947
05951
05958
05966
05967
05976
05977
05979
05988
05991
05996
06002
06009
06012
06023
06026
06036
06046
06047
06051
06059
06060
06064
06070
06081
06087
06089
06096
06098
06107
06113
06118
06121
06122
06125
06130
06131
06132
06141
06144
06149
06157
06165
06166
06168
06171
06173
06174
06178
06184
06185
06186
06187
06191
06193
06195
06198
06204
06206
06208
06211
06219
06221
06224
06227
06229
06233
06242
06251
06256
06260
06261
06268
06270
06272
06273
06278
06279
06282
06285
06291
06292
06295
06302
06306
06307
06308
06317
06320
06321
06325
06327
06329
06338
06341
06345
06350
06351
06353
06358
06359
06365
06366
06367
06369
06370
06377
06378
06380
06392
06395
06398
06399
06404
06405
06406
06407
06408
06409
06418
06420
06424
06429
06439
06444
06449
06454
06455
06463
06464
06474
06479
06486
06491
06493
06495
06497
06498
06505
06518
06519
06521
06522
06523
06527
06531
06533
06535
06542
06550
06552
06557
06558
06559
06563
06570
06571
06572
06582
06585
06596
06598
06601
06610
06619
06622
06633
06634
06636
06640
06645
06646
06648
06653
06655
06665
06667
06670
06674
06675
06680
06681
06683
06686
06690
06696
06705
06709
06710
06712
06717
06723
06725
06727
06733
06735
06736
06738
06740
06743
06744
06746
06748
06749
06750
06751
06753
06757
06758
06765
06770
06772
06774
06780
06784
06788
06790
06795
06797
06799
06803
06806
06811
06814
06816
06817
06819
06820
06821
06823
06824
06828
06830
06839
06841
06846
06855
06856
06858
06859
06862
06869
06870
06871
06877
06882
06884
06885
06890
06891
06897
06900
06903
06907
06908
06916
06917
06930
06932
06935
06938
06940
06941
06942
06948
06949
06950
06954
06957
06958
06966
06970
06978
06982
06984
06987
06989
06990
06991
06996
06998
07003
07004
07005
07009
07010
07012
07016
07029
07033
07034
07035
07037
07038
07039
07046
07050
07056
07060
07061
07069
07079
07080
07087
07088
07090
07094
07101
07111
07116
07126
07136
07139
07140
07144
07146
07149
07150
07153
07155
07156
07160
07162
07164
07170
07173
07174
07185
07186
07188
07204
07205
07207
07208
07210
07213
07214
07222
07223
07224
07235
07236
07239
07242
07247
07248
07249
07256
07259
07262
07265
07268
07269
07272
07273
07277
07281
07284
07286
07288
07296
07297
07298
07303
07308
07311
07312
07315
07319
07323
07325
07326
07328
07329
07335
07337
07345
07349
07353
07355
07356
07361
07363
07370
07372
07376
07377
07382
07389
07390
07393
07395
07398
07399
07404
07406
07407
07408
07412
07415
07421
07427
07435
07439
07445
07448
07450
07451
07452
07456
07463
07466
07468
07469
07470
07471
07472
07474
07475
07483
07488
07490
07493
07500
07501
07504
07505
07506
07510
07512
07526
07527
07529
07533
07544
07552
07556
07559
07563
07564
07570
07578
07583
07591
07598
07600
07601
07604
07606
07608
07610
07613
07616
07617
07618
07632
07637
07638
07642
07652
07655
07656
07658
07659
07662
07663
07665
07672
07677
07681
07685
07687
07689
07691
07693
07699
07717
07720
07731
07735
07738
07740
07745
07746
07747
07752
07757
07761
07764
07770
07777
07788
07790
07796
07800
07804
07805
07813
07815
07818
07826
07827
07830
07834
07835
07840
07842
07843
07848
07853
07858
07880
07888
07897
07901
07903
07905
07910
07912
07915
07916
07918
07919
07922
07923
07928
07944
07947
07951
07952
07953
07954
07955
07956
07957
07959
07960
07964
07965
07967
07969
07973
07976
07978
07984
07989
07995
08004
08008
08009
08016
08020
08023
08027
08030
08034
08037
08045
08047
08055
08057
08061
08063
08065
08067
08069
08076
08078
08081
08092
08096
08100
08104
08105
08109
08111
08112
08116
08119
08122
08127
08128
08130
08136
08154
08160
08161
08165
08167
08168
08174
08179
08184
08186
08193
08197
08200
08204
08206
08209
08213
08216
08218
08221
08222
08224
08226
08229
08231
08234
08239
08242
08245
08246
08258
08260
08270
08279
08282
08284
08285
08288
08290
08294
08302
08307
08308
08310
08313
08318
08325
08333
08334
08335
08337
08340
08343
08348
08349
08357
08369
08371
08373
08381
08385
08389
08395
08396
08399
08402
08407
08408
08413
08419
08420
08425
08435
08443
08444
08446
08450
08451
08452
08459
08469
08471
08475
08476
08481
08485
08486
08500
08501
08503
08507
08508
08509
08510
08511
08512
08521
08522
08526
08531
08538
08543
08546
08550
08554
08559
08561
08562
08566
08571
08572
08573
08574
08579
08590
08598
08601
08602
08605
08608
08611
08621
08625
08626
08627
08630
08631
08633
08636
08640
08641
08649
08654
08655
08663
08667
08668
08671
08672
08696
08697
08700
08707
08714
08721
08726
08728
08735
08751
08754
08759
08761
08763
08764
08766
08772
08773
08780
08784
08790
08796
08797
08798
08802
08803
08806
08808
08812
08813
08814
08817
08818
08820
08821
08827
08828
08829
08830
08835
08842
08850
08867
08869
08872
08875
08876
08880
08889
08895
08896
08904
08907
08910
08914
08915
08917
08920
08923
08925
08928
08929
08931
08932
08935
08945
08946
08947
08950
08968
08969
08973
08978
08981
08982
08985
08986
08987
08988
08990
08991
08994
08995
08999
09006
09007
09008
09012
09013
09014
09016
09017
09022
09029
09031
09037
09042
09043
09048
09053
09054
09066
09068
09069
09072
09074
09078
09085
09091
09095
09099
09102
09104
09105
09109
09114
09118
09119
09124
09125
09133
09134
09136
09137
09139
09141
09142
09150
09153
09155
09157
09159
09161
09164
09181
09186
09187
09188
09191
09200
09201
09202
09210
09211
09213
09223
09226
09230
09231
09232
09233
09235
09239
09250
09252
09253
09259
09266
09268
09270
09272
09273
09280
09287
09290
09291
09293
09295
09301
09306
09307
09309
09315
09316
09321
09323
09324
09327
09332
09336
09338
09340
09341
09345
09346
09348
09357
09365
09393
09394
09397
09398
09404
09414
09417
09418
09427
09429
09436
09438
09441
09447
09452
09454
09465
09466
09468
09469
09477
09482
09484
09492
09493
09494
09495
09496
09498
09509
09511
09512
09515
09517
09519
09535
09548
09549
09553
09558
09559
09561
09562
09565
09581
09582
09585
09587
09588
09590
09592
09612
09613
09614
09617
09620
09630
09635
09642
09643
09647
09649
09656
09657
09662
09663
09665
09675
09682
09688
09689
09691
09692
09695
09696
09698
09699
09709
09711
09718
09726
09731
09737
09744
09751
09762
09764
09766
09769
09775
09776
09779
09783
09785
09788
09790
09791
09792
09804
09807
09812
09814
09815
09817
09827
09828
09829
09833
09834
09836
09838
09850
09855
09858
09861
09866
09869
09870
09878
09879
09885
09889
09891
09892
09894
09895
09911
09912
09914
09917
09937
09939
09942
09944
09945
09946
09947
09955
09959
09968
09970
09971
09981
09985
09988
09993
09996
09998
09999
10000
10004
10010
10019
10020
10026
10038
10044
10057
10066
10072
10074
10076
10078
10090
10092
10100
10108
10109
10110
10119
10120
10131
10134
10135
10137
10146
10147
10152
10154
10158
10159
10160
10165
10168
10178
10180
10183
10185
10186
10188
10191
10194
10195
10198
10205
10207
10208
10209
10210
10212
10215
10224
10232
10234
10235
10238
10239
10242
10245
10247
10252
10260
10263
10266
10269
10270
10273
10288
10293
10295
10297
10302
10305
10316
10319
10335
10343
10347
10348
10351
10352
10358
10373
10374
10376
10377
10381
10384
10390
10391
10393
10398
10399
10400
10403
10404
10406
10408
10418
10420
10427
10428
10431
10436
10446
10451
10452
10454
10464
10467
10470
10471
10474
10476
10482
10483
10488
10489
10498
10508
10512
10516
10517
10518
10523
10532
10536
10538
10545
10551
10555
10558
10563
10566
10567
10568
10574
10578
10579
10582
10597
10602
10608
10612
10619
10625
10628
10631
10633
10650
10661
10662
10673
10676
10677
10687
10690
10692
10701
10709
10711
10715
10716
10720
10722
10728
10734
10735
10738
10739
10751
10752
10753
10758
10759
10762
10767
10773
10789
10791
10803
10807
10811
10814
10815
10817
10822
10825
10827
10829
10830
10833
10835
10836
10848
10851
10852
10861
10863
10866
10871
10878
10879
10880
10886
10887
10890
10893
10898
10900
10901
10903
10904
10908
10909
10915
10917
10918
10923
10924
10927
10934
10935
10939
10940
10943
10944
10949
10950
10951
10954
10958
10960
10963
10965
10967
10968
10986
10987
10988
10992
10993
11000
11001
11002
11003
11009
11015
11022
11023
11028
11029
11032
11036
11037
11048
11049
11051
11060
11067
11069
11075
11077
11080
11081
11083
11084
11088
11089
11093
11097
11098
11100
11115
11118
11119
11121
11129
11130
11132
11135
11137
11143
11149
11151
11154
11172
11173
11180
11189
11191
11192
11198
11199
11203
11211
11212
11214
11224
11235
11237
11242
11244
11247
11248
11267
11269
11274
11275
11281
11286
11288
11307
11313
11314
11319
11324
11326
11327
11329
11333
11334
11341
11342
11344
11346
11351
11355
11364
11369
11372
11378
11380
11381
11382
11383
11384
11390
11398
11399
11402
11406
11408
11409
11414
11415
11420
11424
11427
11442
11445
11453
11454
11457
11470
11472
11479
11482
11490
11491
11494
11496
11497
11499
11501
11503
11509
11511
11515
11517
11518
11520
11524
11526
11527
11529
11531
11537
11546
11548
11553
11554
11555
11559
11560
11563
11572
11574
11575
11577
11582
11586
11587
11590
11592
11594
11602
11607
11608
11610
11614
11616
11618
11621
11636
11639
11646
11651
11656
11663
11664
11666
11668
11670
11672
11673
11675
11677
11679
11684
11685
11687
11689
11698
11703
11704
11706
11715
11724
