00001
00003
00004
00006
00008
00009
00011
00012
00013
00014
00017
00018
00019
00020
00023
00024
00025
00027
00028
00030
00031
00032
00034
00035
00039
00040
00041
00043
00044
00045
00046
00047
00048
00051
00052
00054
00057
00058
00059
00060
00061
00063
00064
00065
00068
00069
00071
00072
00073
00074
00075
00076
00077
00080
00082
00084
00085
00087
00088
00089
00090
00091
00092
00093
00095
00096
00098
00099
00100
00101
00104
00105
00106
00107
00108
00109
00110
00111
00112
00113
00116
00117
00119
00121
00123
00124
00125
00126
00127
00128
00129
00130
00132
00133
00134
00135
00136
00137
00138
00139
00140
00141
00142
00143
00144
00145
00146
00149
00150
00151
00152
00154
00155
00157
00158
00163
00164
00165
00166
00167
00168
00169
00170
00171
00172
00173
00174
00175
00176
00179
00181
00184
00185
00186
00187
00188
00189
00190
00191
00193
00195
00197
00198
00199
00201
00202
00204
00206
00208
00209
00210
00211
00212
00213
00216
00218
00220
00221
00222
00223
00224
00225
00228
00230
00232
00233
00234
00235
00236
00237
00238
00240
00241
00243
00244
00246
00247
00248
00249
00250
00252
00254
00255
00256
00257
00258
00259
00260
00261
00262
00264
00265
00266
00267
00268
00269
00271
00272
00273
00274
00275
00276
00278
00279
00280
00281
00284
00287
00288
00289
00290
00291
00292
00293
00294
00295
00296
00297
00298
00300
00301
00302
00303
00304
00305
00307
00312
00313
00314
00316
00317
00318
00319
00323
00324
00325
00326
00329
00332
00333
00334
00335
00336
00337
00338
00339
00340
00341
00342
00343
00344
00348
00349
00350
00351
00352
00353
00354
00356
00357
00358
00360
00361
00362
00364
00365
00367
00369
00370
00371
00372
00373
00374
00375
00376
00377
00378
00379
00382
00383
00384
00386
00387
00388
00389
00390
00393
00394
00397
00399
00400
00401
00402
00404
00405
00406
00407
00408
00409
00410
00411
00412
00413
00415
00417
00418
00419
00420
00422
00424
00425
00426
00427
00429
00430
00431
00432
00433
00435
00436
00437
00438
00439
00440
00443
00444
00446
00447
00448
00449
00450
00452
00454
00455
00456
00458
00460
00461
00462
00464
00466
00467
00468
00470
00471
00472
00473
00474
00475
00476
00477
00478
00480
00481
00484
00485
00487
00488
00489
00490
00491
00492
00493
00494
00495
00498
00499
00500
00502
00504
00505
00506
00507
00510
00511
00513
00514
00515
00516
00518
00519
00521
00522
00523
00524
00525
00526
00527
00528
00529
00530
00531
00536
00537
00538
00541
00542
00543
00545
00546
00547
00548
00549
00550
00551
00554
00555
00556
00557
00559
00560
00562
00564
00565
00566
00567
00568
00570
00571
00572
00573
00574
00577
00580
00581
00582
00584
00586
00589
00590
00591
00592
00593
00594
00596
00597
00598
00599
00601
00602
00604
00605
00606
00608
00610
00611
00612
00614
00616
00618
00619
00620
00621
00622
00623
00624
00625
00626
00627
00628
00629
00630
00631
00632
00634
00635
00636
00637
00638
00639
00640
00642
00643
00645
00646
00647
00648
00650
00653
00654
00655
00656
00657
00658
00659
00660
00661
00664
00665
00666
00667
00668
00669
00670
00671
00673
00674
00675
00676
00677
00678
00679
00680
00681
00682
00683
00684
00685
00686
00687
00688
00689
00690
00691
00692
00693
00695
00697
00698
00700
00702
00703
00704
00705
00706
00707
00709
00710
00712
00713
00715
00716
00717
00718
00719
00720
00721
00722
00723
00724
00725
00726
00728
00729
00730
00732
00733
00734
00735
00736
00738
00739
00740
00742
00743
00744
00745
00747
00748
00749
00750
00752
00753
00754
00755
00756
00757
00758
00759
00760
00761
00762
00763
00764
00765
00766
00768
00769
00770
00771
00772
00773
00774
00775
00776
00777
00778
00780
00781
00786
00787
00788
00791
00792
00793
00794
00795
00796
00797
00798
00800
00801
00802
00804
00807
00808
00809
00810
00812
00813
00815
00816
00817
00818
00819
00821
00822
00823
00824
00825
00827
00828
00829
00831
00832
00833
00834
00835
00837
00839
00840
00841
00842
00844
00848
00849
00850
00851
00852
00853
00854
00855
00856
00857
00858
00859
00860
00861
00862
00863
00864
00866
00867
00868
00870
00872
00873
00874
00875
00876
00878
00879
00880
00881
00882
00884
00885
00886
00887
00888
00889
00890
00893
00894
00895
00897
00898
00899
00901
00902
00903
00906
00907
00910
00911
00913
00915
00917
00920
00924
00925
00928
00929
00930
00931
00932
00933
00934
00935
00936
00937
00938
00939
00940
00941
00942
00944
00945
00946
00947
00948
00949
00950
00952
00955
00956
00957
00958
00960
00961
00962
00963
00965
00966
00967
00969
00970
00972
00974
00975
00976
00977
00979
00980
00982
00983
00984
00985
00986
00987
00988
00989
00990
00991
00992
00993
00994
00995
00996
00999
01001
01002
01004
01005
01006
01007
01008
01009
01013
01015
01019
01020
01022
01024
01025
01026
01027
01028
01030
01031
01032
01033
01034
01035
01036
01039
01040
01045
01046
01047
01048
01050
01051
01052
01053
01054
01055
01056
01057
01058
01059
01060
01061
01063
01064
01066
01067
01070
01071
01073
01074
01076
01082
01083
01084
01085
01086
01087
01088
01089
01092
01093
01094
01096
01097
01098
01099
01100
01101
01102
01103
01104
01105
01106
01107
01108
01110
01111
01112
01114
01116
01120
01121
01122
01123
01124
01125
01126
01127
01128
01129
01130
01131
01132
01133
01134
01135
01136
01139
01140
01141
01142
01144
01149
01151
01152
01153
01155
01157
01158
01159
01160
01161
01162
01164
01168
01169
01170
01171
01172
01173
01175
01177
01180
01181
01182
01183
01184
01187
01188
01189
01190
01191
01193
01194
01195
01196
01197
01199
01200
01201
01202
01203
01204
01205
01206
01207
01208
01210
01211
01213
01217
01218
01219
01220
01221
01222
01223
01224
01225
01226
01229
01230
01234
01235
01236
01237
01238
01243
01244
01246
01248
01249
01250
01251
01252
01253
01254
01256
01258
01259
01262
01263
01265
01266
01267
01268
01269
01270
01271
01272
01273
01274
01275
01276
01277
01278
01279
01281
01282
01284
01286
01287
01288
01290
01291
01292
01293
01294
01295
01297
01298
01299
01301
01302
01305
01306
01307
01308
01309
01310
01314
01315
01316
01318
01319
01320
01321
01322
01323
01326
01327
01328
01329
01330
01331
01332
01334
01335
01336
01337
01338
01339
01340
01341
01342
01343
01345
01346
01348
01349
01350
01352
01353
01355
01356
01358
01359
01360
01361
01363
01365
01366
01367
01370
01372
01373
01374
01375
01376
01377
01379
01380
01382
01383
01384
01385
01386
01387
01388
01389
01390
01391
01393
01394
01395
01400
01401
01402
01403
01404
01405
01406
01407
01408
01409
01413
01414
01415
01416
01418
01420
01422
01423
01424
01425
01426
01428
01429
01430
01431
01433
01434
01435
01436
01439
01440
01442
01443
01445
01446
01447
01448
01449
01450
01451
01452
01453
01454
01456
01457
01459
01461
01462
01463
01466
01467
01468
01469
01470
01471
01472
01474
01475
01476
01478
01479
01480
01481
01484
01486
01487
01488
01491
01492
01493
01495
01496
01497
01498
01499
01501
01503
01504
01506
01508
01509
01510
01512
01513
01514
01515
01516
01518
01519
01520
01522
01523
01525
01528
01531
01533
01534
01536
01537
01539
01541
01543
01544
01545
01546
01548
01549
01550
01551
01552
01553
01556
01558
01559
01560
01561
01563
01564
01566
01567
01569
01570
01571
01573
01574
01575
01576
01577
01578
01579
01580
01582
01583
01584
01586
01587
01588
01590
01592
01594
01596
01597
01598
01599
01600
01603
01605
01606
01607
01608
01609
01610
01615
01616
01617
01618
01619
01620
01621
01622
01623
01624
01625
01626
01627
01628
01629
01630
01632
01633
01634
01635
01636
01638
01639
01642
01643
01644
01647
01648
01649
01651
01652
01654
01657
01659
01660
01661
01662
01663
01665
01666
01667
01668
01670
01671
01672
01673
01675
01677
01678
01680
01681
01683
01684
01685
01686
01687
01688
01691
01693
01695
01696
01697
01698
01701
01705
01706
01707
01709
01712
01713
01714
01715
01716
01717
01720
01722
01723
01724
01725
01726
01727
01728
01729
01730
01731
01733
01734
01735
01737
01739
01740
01742
01743
01744
01745
01747
01749
01750
01751
01752
01755
01756
01760
01761
01762
01763
01764
01765
01766
01767
01770
01771
01772
01774
01776
01778
01779
01780
01781
01783
01784
01785
01786
01788
01789
01790
01792
01793
01796
01797
01800
01801
01802
01803
01806
01812
01814
01815
01816
01817
01818
01819
01820
01821
01822
01823
01824
01825
01827
01828
01829
01830
01831
01832
01833
01834
01835
01836
01837
01838
01839
01840
01841
01843
01845
01846
01847
01848
01849
01851
01853
01854
01855
01856
01857
01858
01859
01861
01862
01863
01864
01866
01867
01868
01870
01871
01872
01873
01874
01875
01876
01877
01878
01879
01880
01881
01882
01884
01885
01887
01888
01889
01890
01891
01892
01893
01894
01896
01897
01898
01899
01900
01901
01905
01906
01907
01908
01910
01912
01913
01914
01915
01916
01917
01918
01920
01921
01924
01925
01928
01929
01930
01931
01932
01933
01934
01935
01937
01938
01940
01942
01943
01944
01946
01948
01949
01950
01951
01952
01954
01955
01957
01958
01959
01961
01962
01963
01968
01969
01970
01971
01972
01973
01974
01975
01976
01977
01979
01980
01982
01984
01985
01986
01987
01988
01989
01991
01992
01994
01995
01996
01998
01999
02000
02001
02003
02004
02005
02006
02007
02008
02009
02010
02012
02013
02015
02016
02018
02019
02021
02022
02023
02024
02025
02026
02027
02028
02029
02030
02031
02032
02033
02034
02036
02037
02038
02039
02042
02043
02044
02045
02046
02047
02048
02050
02051
02052
02053
02054
02055
02057
02058
02059
02061
02062
02063
02066
02067
02071
02072
02074
02076
02077
02078
02079
02082
02084
02085
02086
02087
02089
02090
02091
02092
02094
02095
02096
02097
02098
02099
02101
02102
02103
02104
02107
02108
02109
02110
02111
02112
02113
02114
02115
02116
02118
02119
02121
02124
02125
02126
02127
02128
02130
02131
02133
02134
02135
02136
02137
02138
02140
02141
02142
02143
02145
02146
02147
02148
02149
02151
02152
02153
02154
02155
02157
02159
02160
02161
02162
02163
02164
02165
02167
02168
02169
02170
02171
02173
02174
02176
02177
02178
02179
02181
02182
02183
02184
02185
02186
02187
02188
02189
02190
02191
02192
02193
02194
02195
02196
02198
02199
02201
02202
02203
02206
02207
02208
02210
02211
02212
02214
02215
02216
02217
02219
02220
02221
02222
02223
02225
02226
02227
02230
02232
02233
02234
02235
02236
02237
02238
02239
02240
02241
02242
02243
02244
02245
02246
02247
02248
02249
02250
02251
02252
02253
02255
02256
02257
02258
02259
02260
02261
02262
02263
02265
02266
02267
02268
02270
02272
02273
02274
02275
02276
02277
02279
02280
02281
02282
02283
02284
02285
02286
02287
02288
02289
02290
02291
02294
02295
02296
02297
02299
02300
02301
02303
02305
02307
02310
02312
02314
02315
02317
02318
02320
02323
02329
02330
02331
02335
02336
02337
02338
02340
02341
02342
02344
02346
02347
02348
02349
02350
02352
02354
02355
02356
02357
02358
02359
02360
02361
02362
02363
02364
02365
02366
02367
02368
02369
02370
02371
02372
02373
02374
02375
02377
02378
02381
02382
02385
02386
02388
02389
02390
02391
02392
02393
02394
02398
02399
02400
02401
02402
02403
02404
02406
02408
02409
02410
02411
02412
02414
02415
02416
02418
02421
02422
02423
02424
02425
02426
02429
02430
02431
02432
02433
02435
02437
02439
02440
02441
02442
02443
02444
02445
02446
02448
02450
02451
02454
02455
02456
02457
02459
02461
02462
02463
02464
02465
02467
02468
02469
02470
02471
02476
02477
02478
02479
02480
02481
02483
02484
02486
02487
02488
02489
02490
02493
02494
02495
02496
02498
02499
02500
02501
02502
02504
02508
02509
02511
02513
02514
02515
02516
02518
02519
02520
02521
02523
02524
02525
02526
02529
02530
02531
02532
02533
02534
02535
02536
02537
02538
02540
02541
02542
02543
02544
02545
02546
02548
02549
02550
02551
02552
02553
02555
02556
02558
02559
02560
02561
02562
02563
02564
02566
02567
02569
02570
02576
02577
02578
02579
02583
02585
02586
02587
02588
02591
02592
02593
02594
02595
02597
02598
02599
02601
02602
02604
02605
02607
02609
02611
02612
02615
02617
02618
02619
02620
02621
02623
02624
02625
02626
02628
02629
02630
02631
02632
02633
02634
02635
02636
02637
02638
02639
02640
02643
02645
02646
02647
02648
02650
02651
02652
02653
02654
02655
02656
02659
02661
02662
02663
02665
02667
02668
02670
02671
02672
02673
02675
02677
02679
02680
02681
02682
02684
02685
02686
02687
02688
02689
02690
02691
02692
02693
02694
02695
02696
02697
02698
02699
02700
02701
02702
02704
02705
02706
02707
02708
02710
02711
02712
02713
02714
02715
02716
02717
02718
02719
02720
02722
02723
02725
02726
02728
02729
02730
02731
02733
02734
02735
02737
02738
02739
02740
02742
02743
02744
02745
02747
02749
02750
02751
02752
02753
02754
02756
02757
02758
02760
02761
02762
02763
02765
02766
02769
02771
02772
02773
02774
02775
02776
02778
02780
02781
02782
02783
02784
02785
02786
02787
02788
02789
02791
02792
02795
02798
02799
02800
02801
02802
02803
02804
02805
02807
02808
02809
02810
02812
02813
02814
02815
02816
02817
02818
02819
02821
02823
02824
02826
02827
02828
02829
02831
02832
02834
02835
02837
02838
02840
02841
02842
02843
02844
02845
02846
02848
02849
02850
02851
02852
02853
02854
02855
02856
02857
02859
02860
02861
02862
02863
02864
02865
02866
02867
02868
02869
02870
02871
02872
02873
02874
02876
02877
02878
02880
02881
02882
02883
02884
02887
02889
02890
02891
02892
02893
02896
02898
02899
02900
02902
02903
02905
02906
02907
02909
02910
02911
02913
02914
02915
02916
02917
02918
02919
02920
02921
02922
02924
02925
02928
02929
02930
02931
02933
02934
02935
02938
02939
02940
02941
02942
02943
02944
02949
02950
02951
02952
02954
02955
02956
02957
02958
02962
02963
02964
02966
02968
02969
02970
02971
02972
02973
02974
02975
02977
02978
02979
02980
02982
02983
02984
02985
02988
02989
02991
02993
02995
02996
02997
02998
03002
03003
03004
03005
03007
03008
03010
03011
03015
03016
03017
03019
03021
03024
03025
03026
03027
03028
03029
03031
03032
03034
03035
03037
03038
03039
03040
03041
03042
03043
03044
03046
03047
03048
03049
03050
03051
03052
03054
03056
03057
03058
03059
03060
03062
03064
03065
03068
03071
03072
03073
03074
03075
03077
03078
03079
03080
03081
03082
03083
03084
03085
03086
03087
03088
03089
03090
03091
03092
03093
03094
03096
03097
03098
03099
03100
03102
03104
03105
03106
03107
03110
03111
03112
03113
03115
03117
03118
03119
03120
03121
03122
03123
03124
03125
03126
03128
03129
03130
03131
03132
03133
03134
03135
03136
03137
03138
03139
03140
03141
03142
03147
03148
03149
03152
03154
03155
03158
03159
03162
03163
03166
03167
03168
03170
03171
03172
03174
03175
03176
03181
03183
03184
03185
03186
03187
03188
03189
03190
03191
03193
03195
03197
03198
03199
03200
03203
03204
03206
03207
03208
03209
03210
03211
03212
03213
03215
03216
03217
03218
03220
03221
03222
03224
03225
03226
03227
03229
03230
03231
03233
03234
03235
03237
03238
03239
03240
03241
03242
03244
03245
03247
03248
03250
03251
03253
03254
03255
03256
03258
03259
03260
03261
03263
03265
03266
03267
03268
03269
03270
03274
03275
03276
03277
03278
03279
03280
03281
03282
03283
03284
03285
03287
03288
03289
03290
03291
03292
03293
03295
03297
03299
03300
03301
03303
03304
03306
03308
03309
03310
03311
03312
03313
03314
03315
03316
03319
03320
03321
03322
03323
03324
03325
03326
03327
03328
03329
03331
03334
03335
03336
03337
03338
03339
03340
03341
03344
03345
03346
03347
03348
03349
03350
03351
03352
03353
03354
03355
03357
03358
03359
03360
03364
03365
03366
03367
03368
03369
03371
03373
03374
03375
03376
03377
03379
03380
03381
03383
03384
03387
03388
03390
03391
03392
03393
03394
03395
03396
03399
03400
03402
03404
03405
03407
03409
03412
03413
03414
03415
03416
03417
03419
03423
03424
03426
03427
03428
03429
03430
03431
03433
03435
03436
03437
03439
03440
03441
03442
03445
03446
03447
03449
03451
03452
03453
03455
03456
03458
03459
03460
03461
03462
03463
03464
03465
03466
03467
03468
03470
03473
03474
03476
03477
03478
03479
03481
03482
03483
03484
03485
03486
03488
03489
03491
03492
03493
03494
03496
03497
03499
03500
03501
03502
03504
03505
03506
03507
03508
03509
03510
03511
03512
03513
03514
03515
03516
03517
03519
03520
03521
03522
03523
03524
03525
03526
03528
03529
03530
03531
03532
03536
03537
03538
03539
03540
03541
03542
03543
03544
03546
03548
03549
03550
03556
03559
03561
03564
03565
03566
03568
03569
03571
03573
03574
03575
03578
03579
03580
03581
03582
03583
03584
03586
03587
03588
03589
03591
03592
03593
03595
03596
03597
03599
03600
03601
03603
03605
03606
03607
03608
03611
03612
03613
03614
03615
03616
03618
03619
03622
03624
03625
03626
03628
03629
03631
03633
03634
03635
03636
03637
03638
03639
03641
03643
03644
03645
03647
03648
03649
03650
03651
03652
03653
03654
03655
03657
03658
03659
03660
03661
03663
03664
03665
03666
03668
03669
03671
03672
03673
03674
03675
03676
03677
03679
03680
03681
03683
03685
03686
03687
03688
03689
03691
03692
03693
03694
03697
03699
03700
03701
03702
03703
03704
03705
03706
03707
03708
03709
03711
03712
03714
03715
03716
03717
03718
03719
03720
03721
03723
03724
03725
03726
03727
03728
03729
03731
03732
03733
03734
03736
03738
03739
03740
03743
03744
03746
03747
03748
03750
03751
03752
03753
03754
03756
03757
03759
03760
03761
03762
03763
03764
03765
03766
03767
03768
03769
03770
03771
03772
03773
03776
03777
03779
03781
03782
03783
03784
03785
03787
03789
03791
03792
03794
03795
03796
03799
03801
03802
03803
03804
03805
03806
03810
03812
03814
03815
03818
03819
03820
03821
03823
03824
03826
03829
03830
03831
03832
03833
03834
03835
03836
03838
03839
03840
03842
03843
03844
03846
03848
03849
03850
03851
03852
03854
03855
03856
03857
03861
03863
03864
03866
03870
03871
03872
03873
03874
03875
03876
03877
03878
03879
03881
03882
03885
03886
03887
03888
03889
03891
03892
03893
03895
03897
03899
03900
03901
03903
03904
03905
03906
03909
03910
03911
03913
03914
03916
03918
03919
03920
03922
03923
03924
03926
03927
03928
03929
03930
03931
03932
03933
03934
03935
03937
03938
03939
03940
03941
03942
03943
03944
03946
03947
03948
03949
03950
03951
03953
03954
03955
03957
03958
03960
03961
03962
03965
03966
03967
03970
03972
03973
03974
03975
03977
03978
03981
03982
03983
03984
03986
03987
03988
03989
03990
03992
03993
03994
03996
03997
03998
03999
04000
04001
04002
04004
04005
04006
04007
04009
04010
04011
04012
04013
04014
04016
04018
04021
04022
04024
04025
04026
04028
04029
04033
04034
04035
04038
04040
04041
04042
04043
04044
04045
04046
04047
04048
04050
04051
04052
04053
04054
04056
04057
04058
04059
04060
04061
04062
04064
04067
04068
04069
04071
04072
04073
04074
04075
04076
04077
04079
04080
04081
04082
04083
04084
04087
04088
04091
04092
04093
04094
04095
04097
04098
04099
04100
04101
04102
04103
04105
04107
04108
04109
04110
04111
04112
04115
04117
04118
04119
04120
04122
04123
04124
04125
04126
04129
04130
04131
04133
04134
04136
04137
04140
04141
04142
04143
04144
04146
04149
04150
04152
04153
04154
04156
04157
04158
04159
04160
04161
04163
04164
04165
04166
04167
04168
04169
04171
04172
04173
04177
04178
04179
04181
04182
04185
04186
04187
04188
04189
04190
04191
04192
04193
04196
04198
04199
04200
04203
04204
04205
04206
04207
04208
04210
04211
04212
04213
04215
04216
04220
04221
04222
04223
04225
04226
04228
04229
04230
04232
04233
04234
04236
04237
04238
04240
04241
04244
04245
04246
04247
04250
04251
04252
04254
04255
04257
04258
04259
04260
04261
04263
04264
04266
04267
04269
04271
04272
04274
04275
04276
04277
04278
04279
04280
04281
04282
04283
04284
04285
04286
04287
04288
04289
04290
04291
04292
04293
04295
04296
04299
04300
04301
04302
04303
04304
04305
04306
04307
04309
04311
04313
04316
04317
04318
04319
04320
04321
04323
04326
04327
04328
04329
04330
04332
04333
04334
04335
04336
04337
04338
04339
04340
04342
04343
04345
04346
04347
04348
04349
04350
04351
04352
04353
04356
04358
04359
04360
04361
04363
04364
04366
04367
04368
04370
04371
04372
04373
04374
04375
04376
04378
04379
04380
04381
04384
04385
04386
04387
04388
04391
04395
04397
04398
04399
04400
04401
04403
04405
04406
04407
04409
04411
04412
04414
04415
04417
04418
04419
04420
04422
04423
04425
04426
04427
04429
04430
04431
04432
04433
04435
04436
04439
04440
04441
04442
04444
04445
04446
04448
04449
04450
04451
04452
04453
04454
04455
04456
04457
04459
04460
04461
04462
04463
04464
04466
04467
04470
04472
04474
04478
04479
04480
04481
04482
04483
04484
04485
04487
04488
04489
04491
04492
04493
04495
04496
04498
04499
04500
04501
04502
04503
04504
04505
04506
04507
04508
04509
04510
04513
04514
04516
04517
04519
04520
04522
04523
04525
04526
04527
04529
04530
04531
04532
04533
04534
04535
04536
04537
04538
04539
04540
04541
04542
04543
04544
04545
04546
04548
04549
04550
04551
04552
04553
04554
04556
04557
04559
04560
04562
04564
04565
04566
04567
04569
04570
04571
04572
04573
04574
04575
04576
04577
04579
04580
04582
04584
04585
04587
04589
04590
04591
04592
04593
04594
04595
04597
04598
04599
04601
04602
04604
04605
04606
04608
04609
04610
04613
04614
04615
04616
04617
04618
04619
04620
04621
04624
04625
04626
04627
04630
04632
04633
04634
04639
04640
04641
04643
04645
04647
04648
04649
04652
04654
04655
04657
04658
04659
04661
04662
04663
04664
04666
04667
04668
04669
04670
04673
04674
04675
04676
04677
04678
04679
04680
04686
04687
04688
04689
04690
04691
04693
04695
04696
04697
04698
04700
04701
04704
04705
04706
04707
04709
04710
04711
04712
04714
04715
04716
04717
04718
04719
04720
04722
04723
04724
04725
04726
04727
04729
04730
04732
04733
04734
04736
04737
04739
04740
04741
04742
04743
04744
04745
04746
04747
04749
04750
04751
04752
04753
04755
04756
04757
04758
04759
04760
04761
04763
04765
04766
04767
04768
04769
04770
04771
04772
04773
04776
04777
04779
04780
04781
04782
04783
04784
04785
04786
04787
04788
04789
04790
04792
04793
04794
04795
04797
04798
04799
04801
04803
04805
04806
04807
04808
04809
04810
04811
04812
04816
04817
04819
04820
04821
04822
04823
04824
04825
04826
04828
04830
04832
04834
04836
04837
04838
04840
04841
04842
04843
04844
04846
04847
04848
04849
04850
04851
04852
04853
04854
04856
04857
04858
04859
04860
04861
04862
04863
04864
04865
04866
04867
04868
04869
04870
04871
04873
04875
04876
04877
04878
04879
04880
04881
04882
04883
04884
04885
04886
04889
04890
04891
04892
04893
04894
04895
04896
04898
04899
04900
04901
04902
04904
04905
04906
04907
04908
04911
04912
04913
04916
04917
04918
04919
04922
04924
04925
04927
04928
04929
04930
04931
04932
04933
04934
04935
04938
04939
04942
04944
04945
04948
04949
04951
04953
04954
04956
04957
04958
04959
04960
04961
04963
04964
04965
04966
04967
04969
04970
04972
04973
04975
04977
04978
04979
04981
04982
04985
04986
04987
04988
04993
04994
04995
04996
04997
04998
04999
05000
05001
05003
05004
05006
05007
05008
05009
05012
05013
05014
05015
05016
05017
05019
05020
05021
05023
05024
05025
05026
05027
05029
05030
05031
05033
05034
05035
05037
05038
05040
05041
05042
05045
05046
05047
05050
05052
05053
05055
05056
05057
05058
05059
05060
05061
05062
05063
05064
05065
05066
05067
05068
05069
05070
05071
05072
05073
05075
05076
05078
05081
05082
05086
05087
05089
05090
05091
05092
05093
05095
05096
05097
05098
05099
05100
05102
05104
05105
05106
05107
05108
05109
05111
05112
05113
05115
05116
05117
05118
05119
05120
05121
05122
05123
05125
05126
05127
05128
05129
05130
05132
05133
05134
05135
05136
05137
05139
05140
05142
05143
05144
05145
05146
05148
05149
05150
05152
05154
05155
05156
05157
05158
05159
05160
05161
05162
05163
05166
05167
05169
05171
05172
05173
05175
05177
05178
05179
05180
05181
05183
05185
05186
05187
05189
05191
05192
05193
05194
05195
05196
05198
05200
05201
05202
05203
05204
05206
05207
05211
05212
05213
05214
05215
05216
05217
05218
05219
05220
05221
05222
05223
05225
05226
05227
05228
05229
05230
05233
05235
05236
05239
05240
05241
05242
05244
05246
05247
05248
05249
05250
05252
05253
05254
05255
05256
05257
05258
05260
05262
05263
05264
05266
05267
05268
05269
05270
05271
05272
05273
05274
05275
05277
05278
05279
05280
05283
05284
05285
05286
05287
05288
05289
05292
05294
05295
05296
05297
05298
05299
05300
05301
05302
05303
05305
05307
05308
05309
05310
05311
05312
05313
05314
05315
05318
05319
05320
05321
05322
05324
05325
05327
05329
05330
05331
05333
05334
05335
05336
05337
05338
05339
05341
05342
05343
05344
05345
05346
05347
05348
05349
05351
05352
05353
05354
05355
05356
05357
05360
05361
05362
05363
05364
05365
05366
05367
05368
05369
05370
05371
05372
05375
05376
05377
05378
05379
05380
05383
05384
05385
05386
05388
05389
05390
05391
05392
05393
05394
05396
05397
05399
05400
05401
05402
05403
05404
05405
05406
05407
05408
05409
05410
05411
05412
05414
05415
05419
05420
05421
05422
05424
05425
05426
05427
05428
05429
05430
05431
05432
05434
05435
05436
05438
05439
05441
05442
05443
05444
05445
05446
05449
05450
05451
05453
05454
05455
05456
05458
05459
05462
05463
05464
05466
05467
05468
05469
05470
05471
05474
05475
05478
05479
05480
05481
05482
05483
05484
05485
05486
05487
05488
05489
05490
05495
05496
05497
05498
05501
05502
05503
05505
05506
05508
05509
05510
05512
05514
05517
05518
05519
05522
05523
05524
05525
05526
05527
05528
05529
05530
05531
05532
05538
05540
05541
05542
05543
05546
05547
05548
05550
05552
05553
05554
05556
05557
05558
05559
05560
05561
05562
05564
05566
05567
05568
05569
05570
05572
05574
05575
05576
05579
05580
05581
05582
05583
05585
05587
05588
05589
05591
05592
05594
05595
05596
05597
05598
05600
05601
05602
05604
05605
05606
05607
05608
05611
05613
05616
05617
05618
05619
05621
05623
05624
05625
05626
05627
05629
05630
05631
05632
05634
05635
05636
05637
05638
05639
05640
05642
05643
05644
05645
05646
05647
05648
05649
05650
05651
05652
05653
05657
05658
05659
05660
05661
05663
05664
05665
05666
05667
05668
05669
05670
05671
05674
05675
05677
05678
05680
05681
05682
05683
05684
05685
05686
05687
05688
05691
05692
05693
05694
05696
05697
05699
05700
05701
05702
05703
05704
05706
05707
05708
05709
05710
05711
05712
05713
05714
05715
05717
05718
05719
05720
05722
05723
05725
05726
05727
05728
05729
05730
05732
05735
05736
05737
05739
05740
05742
05743
05744
05745
05746
05747
05751
05752
05754
05755
05756
05760
05761
05762
05763
05764
05765
05766
05767
05768
05770
05771
05774
05777
05778
05779
05780
05782
05783
05785
05786
05787
05788
05789
05791
05793
05795
05796
05797
05798
05800
05801
05802
05803
05804
05805
05806
05807
05808
05809
05810
05812
05813
05814
05815
05817
05818
05819
05821
05822
05824
05825
05826
05828
05829
05830
05831
05832
05833
05835
05836
05838
05839
05840
05841
05842
05843
05849
05850
05851
05852
05853
05854
05855
05856
05857
05858
05859
05860
05862
05863
05865
05866
05867
05868
05869
05870
05871
05872
05873
05875
05876
05878
05879
05880
05881
05882
05883
05884
05885
05887
05888
05889
05890
05892
05893
05895
05897
05898
05899
05901
05903
05904
05905
05906
05907
05908
05909
05911
05912
05913
05914
05915
05916
05917
05918
05919
05920
05921
05922
05923
05927
05929
05930
05931
05932
05933
05936
05937
05939
05940
05942
05944
05945
05946
05948
05949
05950
05952
05953
05954
05955
05956
05957
05959
05960
05961
05962
05963
05964
05965
05968
05969
05970
05971
05972
05973
05974
05975
05978
05980
05981
05982
05983
05984
05985
05986
05987
05989
05990
05992
05993
05994
05995
05997
05998
05999
06000
06001
06003
06004
06005
06006
06007
06008
06010
06011
06013
06014
06015
06016
06017
06018
06019
06020
06021
06022
06024
06025
06027
06028
06029
06030
06031
06032
06033
06034
06035
06037
06038
06039
06040
06041
06042
06043
06044
06045
06048
06049
06050
06052
06053
06054
06055
06056
06057
06058
06061
06062
06063
06065
06066
06067
06068
06069
06071
06072
06073
06074
06075
06076
06077
06078
06079
06080
06082
06083
06084
06085
06086
06088
06090
06091
06092
06093
06094
06095
06097
06099
06100
06101
06102
06103
06104
06105
06106
06108
06109
06110
06111
06112
06114
06115
06116
06117
06119
06120
06123
06124
06126
06127
06128
06129
06133
06134
06135
06136
06137
06138
06139
06140
06142
06143
06145
06146
06147
06148
06150
06151
06152
06153
06154
06155
06156
06158
06159
06160
06161
06162
06163
06164
06167
06169
06170
06172
06175
06176
06177
06179
06180
06181
06182
06183
06188
06189
06190
06192
06194
06196
06197
06199
06200
06201
06202
06203
06205
06207
06209
06210
06212
06213
06214
06215
06216
06217
06218
06220
06222
06223
06225
06226
06228
06230
06231
06232
06234
06235
06236
06237
06238
06239
06240
06241
06243
06244
06245
06246
06247
06248
06249
06250
06252
06253
06254
06255
06257
06258
06259
06262
06263
06264
06265
06266
06267
06269
06271
06274
06275
06276
06277
06280
06281
06283
06284
06286
06287
06288
06289
06290
06293
06294
06296
06297
06298
06299
06300
06301
06303
06304
06305
06309
06310
06311
06312
06313
06314
06315
06316
06318
06319
06322
06323
06324
06326
06328
06330
06331
06332
06333
06334
06335
06336
06337
06339
06340
06342
06343
06344
06346
06347
06348
06349
06352
06354
06355
06356
06357
06360
06361
06362
06363
06364
06368
06371
06372
06373
06374
06375
06376
06379
06381
06382
06383
06384
06385
06386
06387
06388
06389
06390
06391
06393
06394
06396
06397
06400
06401
06402
06403
06410
06411
06412
06413
06414
06415
06416
06417
06419
06421
06422
06423
06425
06426
06427
06428
06430
06431
06432
06433
06434
06435
06436
06437
06438
06440
06441
06442
06443
06445
06446
06447
06448
06450
06451
06452
06453
06456
06457
06458
06459
06460
06461
06462
06465
06466
06467
06468
06469
06470
06471
06472
06473
06475
06476
06477
06478
06480
06481
06482
06483
06484
06485
06487
06488
06489
06490
06492
06494
06496
06499
06500
06501
06502
06503
06504
06506
06507
06508
06509
06510
06511
06512
06513
06514
06515
06516
06517
06520
06524
06525
06526
06528
06529
06530
06532
06534
06536
06537
06538
06539
06540
06541
06543
06544
06545
06546
06547
06548
06549
06551
06553
06554
06555
06556
06560
06561
06562
06564
06565
06566
06567
06568
06569
06573
06574
06575
06576
06577
06578
06579
06580
06581
06583
06584
06586
06587
06588
06589
06590
06591
06592
06593
06594
06595
06597
06599
06600
06602
06603
06604
06605
06606
06607
06608
06609
06611
06612
06613
06614
06615
06616
06617
06618
06620
06621
06623
06624
06625
06626
06627
06628
06629
06630
06631
06632
06635
06637
06638
06639
06641
06642
06643
06644
06647
06649
06650
06651
06652
06654
06656
06657
06658
06659
06660
06661
06662
06663
06664
06666
06668
06669
06671
06672
06673
06676
06677
06678
06679
06682
06684
06685
06687
06688
06689
06691
06692
06693
06694
06695
06697
06698
06699
06700
06701
06702
06703
06704
06706
06707
06708
06711
06713
06714
06715
06716
06718
06719
06720
06721
06722
06724
06726
06728
06729
06730
06731
06732
06734
06737
06739
06741
06742
06745
06747
06752
06754
06755
06756
06759
06760
06761
06762
06763
06764
06766
06767
06768
06769
06771
06773
06775
06776
06777
06778
06779
06781
06782
06783
06785
06786
06787
06789
06791
06792
06793
06794
06796
06798
06800
06801
06802
06804
06805
06807
06808
06809
06810
06812
06813
06815
06818
06822
06825
06826
06827
06829
06831
06832
06833
06834
06835
06836
06837
06838
06840
06842
06843
06844
06845
06847
06848
06849
06850
06851
06852
06853
06854
06857
06860
06861
06863
06864
06865
06866
06867
06868
06872
06873
06874
06875
06876
06878
06879
06880
06881
06883
06886
06887
06888
06889
06892
06893
06894
06895
06896
06898
06899
06901
06902
06904
06905
06906
06909
06910
06911
06912
06913
06914
06915
06918
06919
06920
06921
06922
06923
06924
06925
06926
06927
06928
06929
06931
06933
06934
06936
06937
06939
06943
06944
06945
06946
06947
06951
06952
06953
06955
06956
06959
06960
06961
06962
06963
06964
06965
06967
06968
06969
06971
06972
06973
06974
06975
06976
06977
06979
06980
06981
06983
06985
06986
06988
06992
06993
06994
06995
06997
06999
07000
07001
07002
07006
07007
07008
07011
07013
07014
07015
07017
07018
07019
07020
07021
07022
07023
07024
07025
07026
07027
07028
07030
07031
07032
07036
07040
07041
07042
07043
07044
07045
07047
07048
07049
07051
07052
07053
07054
07055
07057
07058
07059
07062
07063
07064
07065
07066
07067
07068
07070
07071
07072
07073
07074
07075
07076
07077
07078
07081
07082
07083
07084
07085
07086
07089
07091
07092
07093
07095
07096
07097
07098
07099
07100
07102
07103
07104
07105
07106
07107
07108
07109
07110
07112
07113
07114
07115
07117
07118
07119
07120
07121
07122
07123
07124
07125
07127
07128
07129
07130
07131
07132
07133
07134
07135
07137
07138
07141
07142
07143
07145
07147
07148
07151
07152
07154
07157
07158
07159
07161
07163
07165
07166
07167
07168
07169
07171
07172
07175
07176
07177
07178
07179
07180
07181
07182
07183
07184
07187
07189
07190
07191
07192
07193
07194
07195
07196
07197
07198
07199
07200
07201
07202
07203
07206
07209
07211
07212
07215
07216
07217
07218
07219
07220
07221
07225
07226
07227
07228
07229
07230
07231
07232
07233
07234
07237
07238
07240
07241
07243
07244
07245
07246
07250
07251
07252
07253
07254
07255
07257
07258
07260
07261
07263
07264
07266
07267
07270
07271
07274
07275
07276
07278
07279
07280
07282
07283
07285
07287
07289
07290
07291
07292
07293
07294
07295
07299
07300
07301
07302
07304
07305
07306
07307
07309
07310
07313
07314
07316
07317
07318
07320
07321
07322
07324
07327
07330
07331
07332
07333
07334
07336
07338
07339
07340
07341
07342
07343
07344
07346
07347
07348
07350
07351
07352
07354
07357
07358
07359
07360
07362
07364
07365
07366
07367
07368
07369
07371
07373
07374
07375
07378
07379
07380
07381
07383
07384
07385
07386
07387
07388
07391
07392
07394
07396
07397
07400
07401
07402
07403
07405
07409
07410
07411
07413
07414
07416
07417
07418
07419
07420
07422
07423
07424
07425
07426
07428
07429
07430
07431
07432
07433
07434
07436
07437
07438
07440
07441
07442
07443
07444
07446
07447
07449
07453
07454
07455
07457
07458
07459
07460
07461
07462
07464
07465
07467
07473
07476
07477
07478
07479
07480
07481
07482
07484
07485
07486
07487
07489
07491
07492
07494
07495
07496
07497
07498
07499
07502
07503
07507
07508
07509
07511
07513
07514
07515
07516
07517
07518
07519
07520
07521
07522
07523
07524
07525
07528
07530
07531
07532
07534
07535
07536
07537
07538
07539
07540
07541
07542
07543
07545
07546
07547
07548
07549
07550
07551
07553
07554
07555
07557
07558
07560
07561
07562
07565
07566
07567
07568
07569
07571
07572
07573
07574
07575
07576
07577
07579
07580
07581
07582
07584
07585
07586
07587
07588
07589
07590
07592
07593
07594
07595
07596
07597
07599
07602
07603
07605
07607
07609
07611
07612
07614
07615
07619
07620
07621
07622
07623
07624
07625
07626
07627
07628
07629
07630
07631
07633
07634
07635
07636
07639
07640
07641
07643
07644
07645
07646
07647
07648
07649
07650
07651
07653
07654
07657
07660
07661
07664
07666
07667
07668
07669
07670
07671
07673
07674
07675
07676
07678
07679
07680
07682
07683
07684
07686
07688
07690
07692
07694
07695
07696
07697
07698
07700
07701
07702
07703
07704
07705
07706
07707
07708
07709
07710
07711
07712
07713
07714
07715
07716
07718
07719
07721
07722
07723
07724
07725
07726
07727
07728
07729
07730
07732
07733
07734
07736
07737
07739
07741
07742
07743
07744
07748
07749
07750
07751
07753
07754
07755
07756
07758
07759
07760
07762
07763
07765
07766
07767
07768
07769
07771
07772
07773
07774
07775
07776
07778
07779
07780
07781
07782
07783
07784
07785
07786
07787
07789
07791
07792
07793
07794
07795
07797
07798
07799
07801
07802
07803
07806
07807
07808
07809
07810
07811
07812
07814
07816
07817
07819
07820
07821
07822
07823
07824
07825
07828
07829
07831
07832
07833
07836
07837
07838
07839
07841
07844
07845
07846
07847
07849
07850
07851
07852
07854
07855
07856
07857
07859
07860
07861
07862
07863
07864
07865
07866
07867
07868
07869
07870
07871
07872
07873
07874
07875
07876
07877
07878
07879
07881
07882
07883
07884
07885
07886
07887
07889
07890
07891
07892
07893
07894
07895
07896
07898
07899
07900
07902
07904
07906
07907
07908
07909
07911
07913
07914
07917
07920
07921
07924
07925
07926
07927
07929
07930
07931
07932
07933
07934
07935
07936
07937
07938
07939
07940
07941
07942
07943
07945
07946
07948
07949
07950
07958
07961
07962
07963
07966
07968
07970
07971
07972
07974
07975
07977
07979
07980
07981
07982
07983
07985
07986
07987
07988
07990
07991
07992
07993
07994
07996
07997
07998
07999
08000
08001
08002
08003
08005
08006
08007
08010
08011
08012
08013
08014
08015
08017
08018
08019
08021
08022
08024
08025
08026
08028
08029
08031
08032
08033
08035
08036
08038
08039
08040
08041
08042
08043
08044
08046
08048
08049
08050
08051
08052
08053
08054
08056
08058
08059
08060
08062
08064
08066
08068
08070
08071
08072
08073
08074
08075
08077
08079
08080
08082
08083
08084
08085
08086
08087
08088
08089
08090
08091
08093
08094
08095
08097
08098
08099
08101
08102
08103
08106
08107
08108
08110
08113
08114
08115
08117
08118
08120
08121
08123
08124
08125
08126
08129
08131
08132
08133
08134
08135
08137
08138
08139
08140
08141
08142
08143
08144
08145
08146
08147
08148
08149
08150
08151
08152
08153
08155
08156
08157
08158
08159
08162
08163
08164
08166
08169
08170
08171
08172
08173
08175
08176
08177
08178
08180
08181
08182
08183
08185
08187
08188
08189
08190
08191
08192
08194
08195
08196
08198
08199
08201
08202
08203
08205
08207
08208
08210
08211
08212
08214
08215
08217
08219
08220
08223
08225
08227
08228
08230
08232
08233
08235
08236
08237
08238
08240
08241
08243
08244
08247
08248
08249
08250
08251
08252
08253
08254
08255
08256
08257
08259
08261
08262
08263
08264
08265
08266
08267
08268
08269
08271
08272
08273
08274
08275
08276
08277
08278
08280
08281
08283
08286
08287
08289
08291
08292
08293
08295
08296
08297
08298
08299
08300
08301
08303
08304
08305
08306
08309
08311
08312
08314
08315
08316
08317
08319
08320
08321
08322
08323
08324
08326
08327
08328
08329
08330
08331
08332
08336
08338
08339
08341
08342
08344
08345
08346
08347
08350
08351
08352
08353
08354
08355
08356
08358
08359
08360
08361
08362
08363
08364
08365
08366
08367
08368
08370
08372
08374
08375
08376
08377
08378
08379
08380
08382
08383
08384
08386
08387
08388
08390
08391
08392
08393
08394
08397
08398
08400
08401
08403
08404
08405
08406
08409
08410
08411
08412
08414
08415
08416
08417
08418
08421
08422
08423
08424
08426
08427
08428
08429
08430
08431
08432
08433
08434
08436
08437
08438
08439
08440
08441
08442
08445
08447
08448
08449
08453
08454
08455
08456
08457
08458
08460
08461
08462
08463
08464
08465
08466
08467
08468
08470
08472
08473
08474
08477
08478
08479
08480
08482
08483
08484
08487
08488
08489
08490
08491
08492
08493
08494
08495
08496
08497
08498
08499
08502
08504
08505
08506
08513
08514
08515
08516
08517
08518
08519
08520
08523
08524
08525
08527
08528
08529
08530
08532
08533
08534
08535
08536
08537
08539
08540
08541
08542
08544
08545
08547
08548
08549
08551
08552
08553
08555
08556
08557
08558
08560
08563
08564
08565
08567
08568
08569
08570
08575
08576
08577
08578
08580
08581
08582
08583
08584
08585
08586
08587
08588
08589
08591
08592
08593
08594
08595
08596
08597
08599
08600
08603
08604
08606
08607
08609
08610
08612
08613
08614
08615
08616
08617
08618
08619
08620
08622
08623
08624
08628
08629
08632
08634
08635
08637
08638
08639
08642
08643
08644
08645
08646
08647
08648
08650
08651
08652
08653
08656
08657
08658
08659
08660
08661
08662
08664
08665
08666
08669
08670
08673
08674
08675
08676
08677
08678
08679
08680
08681
08682
08683
08684
08685
08686
08687
08688
08689
08690
08691
08692
08693
08694
08695
08698
08699
08701
08702
08703
08704
08705
08706
08708
08709
08710
08711
08712
08713
08715
08716
08717
08718
08719
08720
08722
08723
08724
08725
08727
08729
08730
08731
08732
08733
08734
08736
08737
08738
08739
08740
08741
08742
08743
08744
08745
08746
08747
08748
08749
08750
08752
08753
08755
08756
08757
08758
08760
08762
08765
08767
08768
08769
08770
08771
08774
08775
08776
08777
08778
08779
08781
08782
08783
08785
08786
08787
08788
08789
08791
08792
08793
08794
08795
08799
08800
08801
08804
08805
08807
08809
08810
08811
08815
08816
08819
08822
08823
08824
08825
08826
08831
08832
08833
08834
08836
08837
08838
08839
08840
08841
08843
08844
08845
08846
08847
08848
08849
08851
08852
08853
08854
08855
08856
08857
08858
08859
08860
08861
08862
08863
08864
08865
08866
08868
08870
08871
08873
08874
08877
08878
08879
08881
08882
08883
08884
08885
08886
08887
08888
08890
08891
08892
08893
08894
08897
08898
08899
08900
08901
08902
08903
08905
08906
08908
08909
08911
08912
08913
08916
08918
08919
08921
08922
08924
08926
08927
08930
08933
08934
08936
08937
08938
08939
08940
08941
08942
08943
08944
08948
08949
08951
08952
08953
08954
08955
08956
08957
08958
08959
08960
08961
08962
08963
08964
08965
08966
08967
08970
08971
08972
08974
08975
08976
08977
08979
08980
08983
08984
08989
08992
08993
08996
08997
08998
09000
09001
09002
09003
09004
09005
09009
09010
09011
09015
09018
09019
09020
09021
09023
09024
09025
09026
09027
09028
09030
09032
09033
09034
09035
09036
09038
09039
09040
09041
09044
09045
09046
09047
09049
09050
09051
09052
09055
09056
09057
09058
09059
09060
09061
09062
09063
09064
09065
09067
09070
09071
09073
09075
09076
09077
09079
09080
09081
09082
09083
09084
09086
09087
09088
09089
09090
09092
09093
09094
09096
09097
09098
09100
09101
09103
09106
09107
09108
09110
09111
09112
09113
09115
09116
09117
09120
09121
09122
09123
09126
09127
09128
09129
09130
09131
09132
09135
09138
09140
09143
09144
09145
09146
09147
09148
09149
09151
09152
09154
09156
09158
09160
09162
09163
09165
09166
09167
09168
09169
09170
09171
09172
09173
09174
09175
09176
09177
09178
09179
09180
09182
09183
09184
09185
09189
09190
09192
09193
09194
09195
09196
09197
09198
09199
09203
09204
09205
09206
09207
09208
09209
09212
09214
09215
09216
09217
09218
09219
09220
09221
09222
09224
09225
09227
09228
09229
09234
09236
09237
09238
09240
09241
09242
09243
09244
09245
09246
09247
09248
09249
09251
09254
09255
09256
09257
09258
09260
09261
09262
09263
09264
09265
09267
09269
09271
09274
09275
09276
09277
09278
09279
09281
09282
09283
09284
09285
09286
09288
09289
09292
09294
09296
09297
09298
09299
09300
09302
09303
09304
09305
09308
09310
09311
09312
09313
09314
09317
09318
09319
09320
09322
09325
09326
09328
09329
09330
09331
09333
09334
09335
09337
09339
09342
09343
09344
09347
09349
09350
09351
09352
09353
09354
09355
09356
09358
09359
09360
09361
09362
09363
09364
09366
09367
09368
09369
09370
09371
09372
09373
09374
09375
09376
09377
09378
09379
09380
09381
09382
09383
09384
09385
09386
09387
09388
09389
09390
09391
09392
09395
09396
09399
09400
09401
09402
09403
09405
09406
09407
09408
09409
09410
09411
09412
09413
09415
09416
09419
09420
09421
09422
09423
09424
09425
09426
09428
09430
09431
09432
09433
09434
09435
09437
09439
09440
09442
09443
09444
09445
09446
09448
09449
09450
09451
09453
09455
09456
09457
09458
09459
09460
09461
09462
09463
09464
09467
09470
09471
09472
09473
09474
09475
09476
09478
09479
09480
09481
09483
09485
09486
09487
09488
09489
09490
09491
09497
09499
09500
09501
09502
09503
09504
09505
09506
09507
09508
09510
09513
09514
09516
09518
09520
09521
09522
09523
09524
09525
09526
09527
09528
09529
09530
09531
09532
09533
09534
09536
09537
09538
09539
09540
09541
09542
09543
09544
09545
09546
09547
09550
09551
09552
09554
09555
09556
09557
09560
09563
09564
09566
09567
09568
09569
09570
09571
09572
09573
09574
09575
09576
09577
09578
09579
09580
09583
09584
09586
09589
09591
09593
09594
09595
09596
09597
09598
09599
09600
09601
09602
09603
09604
09605
09606
09607
09608
09609
09610
09611
09615
09616
09618
09619
09621
09622
09623
09624
09625
09626
09627
09628
09629
09631
09632
09633
09634
09636
09637
09638
09639
09640
09641
09644
09645
09646
09648
09650
09651
09652
09653
09654
09655
09658
09659
09660
09661
09664
09666
09667
09668
09669
09670
09671
09672
09673
09674
09676
09677
09678
09679
09680
09681
09683
09684
09685
09686
09687
09690
09693
09694
09697
09700
09701
09702
09703
09704
09705
09706
09707
09708
09710
09712
09713
09714
09715
09716
09717
09719
09720
09721
09722
09723
09724
09725
09727
09728
09729
09730
09732
09733
09734
09735
09736
09738
09739
09740
09741
09742
09743
09745
09746
09747
09748
09749
09750
09752
09753
09754
09755
09756
09757
09758
09759
09760
09761
09763
09765
09767
09768
09770
09771
09772
09773
09774
09777
09778
09780
09781
09782
09784
09786
09787
09789
09793
09794
09795
09796
09797
09798
09799
09800
09801
09802
09803
09805
09806
09808
09809
09810
09811
09813
09816
09818
09819
09820
09821
09822
09823
09824
09825
09826
09830
09831
09832
09835
09837
09839
09840
09841
09842
09843
09844
09845
09846
09847
09848
09849
09851
09852
09853
09854
09856
09857
09859
09860
09862
09863
09864
09865
09867
09868
09871
09872
09873
09874
09875
09876
09877
09880
09881
09882
09883
09884
09886
09887
09888
09890
09893
09896
09897
09898
09899
09900
09901
09902
09903
09904
09905
09906
09907
09908
09909
09910
09913
09915
09916
09918
09919
09920
09921
09922
09923
09924
09925
09926
09927
09928
09929
09930
09931
09932
09933
09934
09935
09936
09938
09940
09941
09943
09948
09949
09950
09951
09952
09953
09954
09956
09957
09958
09960
09961
09962
09963
09964
09965
09966
09967
09969
09972
09973
09974
09975
09976
09977
09978
09979
09980
09982
09983
09984
09986
09987
09989
09990
09991
09992
09994
09995
09997
10001
10002
10003
10005
10006
10007
10008
10009
10011
10012
10013
10014
10015
10016
10017
10018
10021
10022
10023
10024
10025
10027
10028
10029
10030
10031
10032
10033
10034
10035
10036
10037
10039
10040
10041
10042
10043
10045
10046
10047
10048
10049
10050
10051
10052
10053
10054
10055
10056
10058
10059
10060
10061
10062
10063
10064
10065
10067
10068
10069
10070
10071
10073
10075
10077
10079
10080
10081
10082
10083
10084
10085
10086
10087
10088
10089
10091
10093
10094
10095
10096
10097
10098
10099
10101
10102
10103
10104
10105
10106
10107
10111
10112
10113
10114
10115
10116
10117
10118
10121
10122
10123
10124
10125
10126
10127
10128
10129
10130
10132
10133
10136
10138
10139
10140
10141
10142
10143
10144
10145
10148
10149
10150
10151
10153
10155
10156
10157
10161
10162
10163
10164
10166
10167
10169
10170
10171
10172
10173
10174
10175
10176
10177
10179
10181
10182
10184
10187
10189
10190
10192
10193
10196
10197
10199
10200
10201
10202
10203
10204
10206
10211
10213
10214
10216
10217
10218
10219
10220
10221
10222
10223
10225
10226
10227
10228
10229
10230
10231
10233
10236
10237
10240
10241
10243
10244
10246
10248
10249
10250
10251
10253
10254
10255
10256
10257
10258
10259
10261
10262
10264
10265
10267
10268
10271
10272
10274
10275
10276
10277
10278
10279
10280
10281
10282
10283
10284
10285
10286
10287
10289
10290
10291
10292
10294
10296
10298
10299
10300
10301
10303
10304
10306
10307
10308
10309
10310
10311
10312
10313
10314
10315
10317
10318
10320
10321
10322
10323
10324
10325
10326
10327
10328
10329
10330
10331
10332
10333
10334
10336
10337
10338
10339
10340
10341
10342
10344
10345
10346
10349
10350
10353
10354
10355
10356
10357
10359
10360
10361
10362
10363
10364
10365
10366
10367
10368
10369
10370
10371
10372
10375
10378
10379
10380
10382
10383
10385
10386
10387
10388
10389
10392
10394
10395
10396
10397
10401
10402
10405
10407
10409
10410
10411
10412
10413
10414
10415
10416
10417
10419
10421
10422
10423
10424
10425
10426
10429
10430
10432
10433
10434
10435
10437
10438
10439
10440
10441
10442
10443
10444
10445
10447
10448
10449
10450
10453
10455
10456
10457
10458
10459
10460
10461
10462
10463
10465
10466
10468
10469
10472
10473
10475
10477
10478
10479
10480
10481
10484
10485
10486
10487
10490
10491
10492
10493
10494
10495
10496
10497
10499
10500
10501
10502
10503
10504
10505
10506
10507
10509
10510
10511
10513
10514
10515
10519
10520
10521
10522
10524
10525
10526
10527
10528
10529
10530
10531
10533
10534
10535
10537
10539
10540
10541
10542
10543
10544
10546
10547
10548
10549
10550
10552
10553
10554
10556
10557
10559
10560
10561
10562
10564
10565
10569
10570
10571
10572
10573
10575
10576
10577
10580
10581
10583
10584
10585
10586
10587
10588
10589
10590
10591
10592
10593
10594
10595
10596
10598
10599
10600
10601
10603
10604
10605
10606
10607
10609
10610
10611
10613
10614
10615
10616
10617
10618
10620
10621
10622
10623
10624
10626
10627
10629
10630
10632
10634
10635
10636
10637
10638
10639
10640
10641
10642
10643
10644
10645
10646
10647
10648
10649
10651
10652
10653
10654
10655
10656
10657
10658
10659
10660
10663
10664
10665
10666
10667
10668
10669
10670
10671
10672
10674
10675
10678
10679
10680
10681
10682
10683
10684
10685
10686
10688
10689
10691
10693
10694
10695
10696
10697
10698
10699
10700
10702
10703
10704
10705
10706
10707
10708
10710
10712
10713
10714
10717
10718
10719
10721
10723
10724
10725
10726
10727
10729
10730
10731
10732
10733
10736
10737
10740
10741
10742
10743
10744
10745
10746
10747
10748
10749
10750
10754
10755
10756
10757
10760
10761
10763
10764
10765
10766
10768
10769
10770
10771
10772
10774
10775
10776
10777
10778
10779
10780
10781
10782
10783
10784
10785
10786
10787
10788
10790
10792
10793
10794
10795
10796
10797
10798
10799
10800
10801
10802
10804
10805
10806
10808
10809
10810
10812
10813
10816
10818
10819
10820
10821
10823
10824
10826
10828
10831
10832
10834
10837
10838
10839
10840
10841
10842
10843
10844
10845
10846
10847
10849
10850
10853
10854
10855
10856
10857
10858
10859
10860
10862
10864
10865
10867
10868
10869
10870
10872
10873
10874
10875
10876
10877
10881
10882
10883
10884
10885
10888
10889
10891
10892
10894
10895
10896
10897
10899
10902
10905
10906
10907
10910
10911
10912
10913
10914
10916
10919
10920
10921
10922
10925
10926
10928
10929
10930
10931
10932
10933
10936
10937
10938
10941
10942
10945
10946
10947
10948
10952
10953
10955
10956
10957
10959
10961
10962
10964
10966
10969
10970
10971
10972
10973
10974
10975
10976
10977
10978
10979
10980
10981
10982
10983
10984
10985
10989
10990
10991
10994
10995
10996
10997
10998
10999
11004
11005
11006
11007
11008
11010
11011
11012
11013
11014
11016
11017
11018
11019
11020
11021
11024
11025
11026
11027
11030
11031
11033
11034
11035
11038
11039
11040
11041
11042
11043
11044
11045
11046
11047
11050
11052
11053
11054
11055
11056
11057
11058
11059
11061
11062
11063
11064
11065
11066
11068
11070
11071
11072
11073
11074
11076
11078
11079
11082
11085
11086
11087
11090
11091
11092
11094
11095
11096
11099
11101
11102
11103
11104
11105
11106
11107
11108
11109
11110
11111
11112
11113
11114
11116
11117
11120
11122
11123
11124
11125
11126
11127
11128
11131
11133
11134
11136
11138
11139
11140
11141
11142
11144
11145
11146
11147
11148
11150
11152
11153
11155
11156
11157
11158
11159
11160
11161
11162
11163
11164
11165
11166
11167
11168
11169
11170
11171
11174
11175
11176
11177
11178
11179
11181
11182
11183
11184
11185
11186
11187
11188
11190
11193
11194
11195
11196
11197
11200
11201
11202
11204
11205
11206
11207
11208
11209
11210
11213
11215
11216
11217
11218
11219
11220
11221
11222
11223
11225
11226
11227
11228
11229
11230
11231
11232
11233
11234
11236
11238
11239
11240
11241
11243
11245
11246
11249
11250
11251
11252
11253
11254
11255
11256
11257
11258
11259
11260
11261
11262
11263
11264
11265
11266
11268
11270
11271
11272
11273
11276
11277
11278
11279
11280
11282
11283
11284
11285
11287
11289
11290
11291
11292
11293
11294
11295
11296
11297
11298
11299
11300
11301
11302
11303
11304
11305
11306
11308
11309
11310
11311
11312
11315
11316
11317
11318
11320
11321
11322
11323
11325
11328
11330
11331
11332
11335
11336
11337
11338
11339
11340
11343
11345
11347
11348
11349
11350
11352
11353
11354
11356
11357
11358
11359
11360
11361
11362
11363
11365
11366
11367
11368
11370
11371
11373
11374
11375
11376
11377
11379
11385
11386
11387
11388
11389
11391
11392
11393
11394
11395
11396
11397
11400
11401
11403
11404
11405
11407
11410
11411
11412
11413
11416
11417
11418
11419
11421
11422
11423
11425
11426
11428
11429
11430
11431
11432
11433
11434
11435
11436
11437
11438
11439
11440
11441
11443
11444
11446
11447
11448
11449
11450
11451
11452
11455
11456
11458
11459
11460
11461
11462
11463
11464
11465
11466
11467
11468
11469
11471
11473
11474
11475
11476
11477
11478
11480
11481
11483
11484
11485
11486
11487
11488
11489
11492
11493
11495
11498
11500
11502
11504
11505
11506
11507
11508
11510
11512
11513
11514
11516
11519
11521
11522
11523
11525
11528
11530
11532
11533
11534
11535
11536
11538
11539
11540
11541
11542
11543
11544
11545
11547
11549
11550
11551
11552
11556
11557
11558
11561
11562
11564
11565
11566
11567
11568
11569
11570
11571
11573
11576
11578
11579
11580
11581
11583
11584
11585
11588
11589
11591
11593
11595
11596
11597
11598
11599
11600
11601
11603
11604
11605
11606
11609
11611
11612
11613
11615
11617
11619
11620
11622
11623
11624
11625
11626
11627
11628
11629
11630
11631
11632
11633
11634
11635
11637
11638
11640
11641
11642
11643
11644
11645
11647
11648
11649
11650
11652
11653
11654
11655
11657
11658
11659
11660
11661
11662
11665
11667
11669
11671
11674
11676
11678
11680
11681
11682
11683
11686
11688
11690
11691
11692
11693
11694
11695
11696
11697
11699
11700
11701
11702
11705
11707
11708
11709
11710
11711
11712
11713
11714
11716
11717
11718
11719
11720
11721
11722
11723
11725
